% subject, condition, stepnr
strides = ...
[2 3 15;
 2 3 65;
 2 3 90;
 3 3 13;
 3 3 58;
 4 3 2;
 4 3 26;
 4 3 58;
 5 3 19;
 5 3 46;
 6 3 6;
 6 3 28;
 6 3 56;
 7 3 23;
 7 3 46;
 8 3 1;
 8 3 19;
 8 3 36;
 9 3 19;
 9 3 45;
 9 3 48];
