% subject, condition, stepnr
strides = ...
[2 1 5;
 2 1 45;
 2 1 98;
 3 1 14;
 3 1 32;
 4 1 8;
 4 1 38;
 4 1 65;
 5 1 26;
 5 1 59;
 6 1 6;
 6 1 39;
 6 1 59;
 7 1 24;
 7 1 48;
 8 1 3;
 8 1 23;
 8 1 48;
 9 1 9;
 9 1 35];
