% subject, condition, stepnr
strides = ...
[2 2 30;
 2 2 58;
 3 2 5;
 3 2 20;
 3 2 42;
 4 2 20;
 4 2 58;
 5 2 19;
 5 2 38;
 5 2 59;
 6 2 18;
 6 2 48;
 7 2 4;
 7 2 20;
 7 2 35;
 8 2 22;
 8 2 47; 
 9 2 3;
 9 2 25;
 9 2 68];
