% subject, condition, stepnr
strides = ...
[2 1 5;
 2 1 6;
 2 1 26;
 2 1 30;
 2 1 45;
 2 1 55;
 2 1 63;
 2 1 75;
 2 1 98;
 2 1 105;
 2 2 10;
 2 2 20;
 2 2 30;
 2 2 32;
 2 2 44;
 2 2 48;
 2 2 58;
 2 2 60;
 2 2 70;
 2 2 72;
 2 3 15;
 2 3 20;
 2 3 50;
 2 3 60;
 2 3 65;
 2 3 75;
 2 3 87;
 2 3 88;
 2 3 90;
 2 3 121;
 3 1 5;
 3 1 9;
 3 1 14;
 3 1 16;
 3 1 23;
 3 1 26;
 3 1 32;
 3 1 35;
 3 1 48;
 3 1 68;
 3 2 5;
 3 2 9;
 3 2 11;
 3 2 17;
 3 2 20;
 3 2 30;
 3 2 39;
 3 2 40;
 3 2 42;
 3 2 52;
 3 3 5;
 3 3 11;
 3 3 13;
 3 3 24;
 3 3 45;
 3 3 46;
 3 3 58;
 3 3 98;
 3 3 105; 
 3 3 115;
 4 1 8;
 4 1 18;
 4 1 28;
 4 1 36;
 4 1 38;
 4 1 46;
 4 1 48;
 4 1 58;
 4 1 65;
 4 1 66;
 4 2 16;
 4 2 18;
 4 2 20;
 4 2 30;
 4 2 45;
 4 2 48;
 4 2 58;
 4 2 68;
 4 2 70;
 4 2 72;
 4 3 2;
 4 3 4;
 4 3 14;
 4 3 16;
 4 3 26;
 4 3 36;
 4 3 46;
 4 3 53;
 4 3 58;
 4 3 68;
 5 1 6;
 5 1 16;
 5 1 26;
 5 1 37;
 5 1 39;
 5 1 49;
 5 1 59;
 5 1 62;
 5 1 64;
 5 1 69;
 5 2 19;
 5 2 21;
 5 2 24;
 5 2 28;
 5 2 38;
 5 2 40;
 5 2 47;
 5 2 57;
 5 2 59;
 5 2 67;
 5 3 7;
 5 3 17;
 5 3 19;
 5 3 23;
 5 3 26;
 5 3 36;
 5 3 46;
 5 3 49;
 5 3 51; 
 5 3 65;
 6 1 6;
 6 1 16;
 6 1 18;
 6 1 28;
 6 1 39;
 6 1 42;
 6 1 45;
 6 1 49;
 6 1 59;
 6 1 69;
 6 2 9;
 6 2 15;
 6 2 18;
 6 2 28;
 6 2 34;
 6 2 44;
 6 2 48;
 6 2 53;
 6 2 56;
 6 2 66;
 6 3 6;
 6 3 9;
 6 3 19;
 6 3 23;
 6 3 28;
 6 3 34;
 6 3 37;
 6 3 39;
 6 3 56;
 6 3 59;
 7 1 5;
 7 1 15;
 7 1 24;
 7 1 29;
 7 1 39;
 7 1 45;
 7 1 48;
 7 1 56;
 7 1 58;
 7 1 64;
 7 2 4;
 7 2 8;
 7 2 12;
 7 2 16;
 7 2 20;
 7 2 25;
 7 2 27;
 7 2 32;
 7 2 35;
 7 2 39;
 7 3 9;
 7 3 19;
 7 3 23;
 7 3 29;
 7 3 39;
 7 3 42;
 7 3 46;
 7 3 49; 
 7 3 59;
 7 3 93;
 8 1 3;
 8 1 5;
 8 1 15; 
 8 1 17;
 8 1 23;
 8 1 29;
 8 1 39;
 8 1 44;
 8 1 48;
 8 1 56;
 8 2 6;
 8 2 16 
 8 2 22;
 8 2 28;
 8 2 38;
 8 2 46;
 8 2 47; 
 8 2 54;
 8 2 55;
 8 2 58;
 8 3 1;
 8 3 9;
 8 3 14;
 8 3 16;
 8 3 19;
 8 3 22;
 8 3 24;
 8 3 26;
 8 3 36;
 8 3 45;
 9 1 5;
 9 1 6;
 9 1 9;
 9 1 19;
 9 1 22;
 9 1 25;
 9 1 35;
 9 1 45;
 9 1 47;
 9 1 50;
 9 2 3;
 9 2 13; 
 9 2 16;
 9 2 19;
 9 2 25;
 9 2 35;
 9 2 55;
 9 2 58;
 9 2 68;
 9 2 69; 
 9 3 3;
 9 3 5;
 9 3 19;
 9 3 26;
 9 3 29;
 9 3 39;
 9 3 45;
 9 3 48;
 9 3 60;
 9 3 65];