% subject, condition, stepnr
strides = ...
[2 1 5;
 2 1 45;
 2 1 98;
 2 2 30;
 2 2 58;
 2 3 15;
 2 3 65;
 2 3 90;
 3 1 14;
 3 1 32;
 3 2 5;
 3 2 20;
 3 2 42;
 3 3 13;
 3 3 58;
 4 1 8;
 4 1 38;
 4 1 65;
 4 2 20;
 4 2 58;
 4 3 2;
 4 3 26;
 4 3 58;
 5 1 26;
 5 1 59;
 5 2 19;
 5 2 38;
 5 2 59;
 5 3 19;
 5 3 46;
 6 1 6;
 6 1 39;
 6 1 59;
 6 2 18;
 6 2 48;
 6 3 6;
 6 3 28;
 6 3 56;
 7 1 24;
 7 1 48;
 7 2 4;
 7 2 20;
 7 2 35;
 7 3 23;
 7 3 46;
 8 1 3;
 8 1 23;
 8 1 48;
 8 2 22;
 8 2 47; 
 8 3 1;
 8 3 19;
 8 3 36;
 9 1 9;
 9 1 35;
 9 2 3;
 9 2 25;
 9 2 68;
 9 3 19;
 9 3 45;
 9 3 48];
